0.10         1052.124800
0.20         1951.938053
0.30         2581.937584
0.40         2862.994279
0.50         2764.662358
0.60         2308.718221
0.70         1566.283250
0.80          699.793410
0.90          561.322461
1.00         1298.254840
1.10         2002.769852
1.20         2433.309284
1.30         2537.624400
1.40         2315.750680
1.50         1821.096691
1.60         1229.286479
1.70          820.084391
1.80         1019.481058
1.90         1470.257032
2.00         1888.492055
2.10         2109.838654
2.20         2086.396878
2.30         1843.384052
2.40         1514.236384
2.50         1230.957927
2.60         1101.405252
2.70         1308.222890
2.80         1552.576984
2.90         1719.402506
3.00         1781.216371
3.10         1719.416050
3.20         1603.056084
3.30         1441.097474
3.40         1310.907814
3.50         1315.544123
3.60         1438.049910
3.70         1548.744474
3.80         1604.313224
3.90         1612.471416
4.00         1581.909161
4.10         1514.477041
4.20         1429.321801
4.30         1379.646853
4.40         1402.983648
4.50         1463.734673
4.60         1522.312192
4.70         1552.341119
4.80         1549.598097
4.90         1517.365185
5.00         1466.867525
5.10         1421.793469
5.20         1407.668835
5.30         1427.725187
5.40         1461.254883
5.50         1490.645671
5.60         1505.373629
5.70         1495.177895
5.80         1466.685193
5.90         1433.726363
6.00         1411.962417
6.10         1409.979757
6.20         1423.872043
6.30         1441.612026
6.40         1451.635298
6.50         1449.623963
6.60         1439.397415
6.70         1421.566010
6.80         1404.791330
6.90         1395.837449
7.00         1396.249324
7.10         1402.237096
7.20         1407.655628
7.30         1407.531176
7.40         1400.063805
7.50         1386.748243
7.60         1378.084849
7.70         1370.814469
7.80         1366.753473
7.90         1365.605237
8.00         1365.380251
8.10         1363.720033
8.20         1359.089761
8.30         1351.293668
8.40         1341.272081
8.50         1330.541996
8.60         1326.841863
8.70         1323.729446
8.80         1320.884736
8.90         1317.584620
9.00         1313.136327
9.10         1307.191938
9.20         1299.828050
9.30         1291.415897
9.40         1282.390067
9.50         1273.086005
9.60         1269.835611
9.70         1266.092320
9.80         1261.641851
9.90         1256.309779
10.00         1250.035127
10.10         1242.874770
10.20         1234.953941
10.30         1226.398056
10.40         1217.281023
10.50         1207.609662
10.60         1203.389641
10.70         1198.453799
10.80         1192.758959
10.90         1186.302969
11.00         1179.116938
11.10         1171.247926
11.20         1162.738901
11.30         1153.615730
11.40         1143.885376
11.50         1133.546118
11.60         1128.255738
11.70         1122.267395
11.80         1115.591129
11.90         1108.246083
12.00         1100.254747
12.10         1091.637388
12.20         1082.409167
12.30         1072.580495
12.40         1062.159596
12.50         1051.160872
12.60         1044.826189
12.70         1037.844543
12.80         1030.230273
12.90         1021.998401
13.00         1013.163403
13.10         1003.738761
13.20          993.737252
13.30          983.171618
13.40          972.055213
13.50          960.408695
13.60          953.005847
13.70          944.998851
13.80          936.401124
13.90          927.226234
14.00          917.487859
14.10          907.199863
14.20          896.376415
14.30          885.032077
14.40          873.181833
14.50          860.848443
14.60          852.289437
14.70          843.163946
14.80          833.485576
14.90          823.268221
15.00          812.526079
15.10          801.273651
15.20          789.525749
15.30          777.297489
15.40          764.604281
15.50          751.469693
15.60          741.586199
15.70          731.167549
15.80          720.227440
15.90          708.779846
16.00          696.839016
16.10          684.419480
16.20          671.536044
16.30          658.203806
16.40          644.438161
16.50          630.262616
16.60          618.746896
16.70          606.714721
16.80          594.179814
16.90          581.156421
17.00          567.659431
17.10          553.704546
17.20          539.308512
17.30          524.489440
17.40          509.267260
17.50          493.671361
17.60          480.084472
17.70          466.024728
17.80          451.525656
17.90          436.630000
18.00          421.393458
18.10          405.889980
18.20          390.219189
18.30          374.516598
18.40          358.967147
18.50          343.827436
18.60          331.048267
18.70          319.318027
18.80          309.184204
18.90          301.251715
19.00          296.084390
19.10          294.062823
19.20          295.258787
19.30          299.403841
19.40          305.975364
19.50          314.348947
19.60          325.495840
19.70          337.425334
19.80          349.742959
19.90          362.153321
20.00          374.441985
20.10          386.456059
20.20          398.087636
20.30          409.261010
20.40          419.923296
20.50          430.046203
20.60          441.733415
20.70          452.930127
20.80          463.619497
20.90          473.788843
21.00          483.428560
21.10          492.531339
21.20          501.091622
21.30          509.105197
21.40          516.568917
21.50          523.491725
21.60          532.418423
21.70          540.861397
21.80          548.815749
21.90          556.277147
22.00          563.241777
22.10          569.706312
22.20          575.667886
22.30          581.124074
22.40          586.072876
22.50          590.526417
22.60          597.316616
22.70          603.644878
22.80          609.507176
22.90          614.899930
23.00          619.820002
23.10          624.264690
23.20          628.231725
23.30          631.719259
23.40          634.725870
23.50          637.266437
23.60          642.359959
23.70          647.002507
23.80          651.191154
23.90          654.923405
24.00          658.197202
24.10          661.010911
24.20          663.363321
24.30          665.253640
24.40          666.681486
24.50          667.664665
24.60          671.329239
24.70          674.550179
24.80          677.325904
24.90          679.655242
25.00          681.537438
25.10          682.972140
25.20          683.959399
25.30          684.499661
25.40          684.593764
25.50          684.262284
25.60          686.671282
25.70          688.644415
25.80          690.181485
25.90          691.282683
26.00          691.948586
26.10          692.180150
26.20          691.978705
26.30          691.345951
26.40          690.283952
26.50          688.815733
26.60          690.089746
26.70          690.937846
26.80          691.361165
26.90          691.361198
27.00          690.939796
27.10          690.099162
27.20          688.841845
27.30          687.170734
27.40          685.089055
27.50          682.621864
27.60          682.849841
27.70          682.664670
27.80          682.068719
27.90          681.064690
28.00          679.655611
28.10          677.844835
28.20          675.636031
28.30          673.033183
28.40          670.040580
28.50          666.684843
28.60          665.934833
28.70          664.787316
28.80          663.245780
28.90          661.314020
29.00          658.996128
29.10          656.296492
29.20          653.219791
29.30          649.770988
29.40          645.955323
29.50          641.800490
29.60          640.124649
29.70          638.069549
29.80          635.639676
29.90          632.839791
30.00          629.674928
30.10          626.150392
30.20          622.271747
30.30          618.044816
30.40          613.475672
30.50          608.570633
30.60          603.336255
30.70          597.779324
30.80          591.906851
30.90          585.726060
31.00          579.244387
