1.045276  0.05
1.040118  0.10
1.034997  0.15
1.029911  0.20
1.024859  0.25
1.019838  0.30
1.014847  0.35
1.009884  0.40
1.004947  0.45
1.000036  0.50
0.995147  0.55
0.990281  0.60
0.985435  0.65
0.980607  0.70
0.975797  0.75
0.971002  0.80
0.966222  0.85
0.961454  0.90
0.956698  0.95
0.951952  1.00
0.947215  1.05
0.942485  1.10
0.937761  1.15
0.933042  1.20
0.928325  1.25
0.923610  1.30
0.918896  1.35
0.914180  1.40
0.909462  1.45
0.904740  1.50
1.100477  1.55
1.094763  1.60
1.089109  1.65
1.083514  1.70
1.077974  1.75
1.072486  1.80
1.067050  1.85
1.061661  1.90
1.056319  1.95
1.051021  2.00
1.045764  2.05
1.040548  2.10
1.035369  2.15
1.030227  2.20
1.025119  2.25
1.020043  2.30
1.014997  2.35
1.009981  2.40
1.004992  2.45
1.000028  2.50
0.995089  2.55
0.990172  2.60
0.985275  2.65
0.980398  2.70
0.975539  2.75
0.970695  2.80
0.965867  2.85
0.961052  2.90
0.956249  2.95
0.951456  3.00
0.946672  3.05
0.941896  3.10
0.937126  3.15
0.932360  3.20
0.927598  3.25
0.922838  3.30
0.918078  3.35
0.913318  3.40
0.908555  3.45
0.903788  3.50
1.101362  3.55
1.095592  3.60
1.089884  3.65
1.084235  3.70
1.078642  3.75
1.073103  3.80
1.067616  3.85
1.062179  3.90
1.056788  3.95
1.051443  4.00
1.046140  4.05
1.040878  4.10
1.035655  4.15
1.030469  4.20
1.025317  4.25
1.020199  4.30
1.015112  4.35
1.010054  4.40
1.005025  4.45
1.000021  4.50
0.995042  4.55
0.990086  4.60
0.985151  4.65
0.980236  4.70
0.975339  4.75
0.970459  4.80
0.965593  4.85
0.960742  4.90
0.955903  4.95
0.951074  5.00
0.946255  5.05
0.941443  5.10
0.936638  5.15
0.931838  5.20
0.927041  5.25
0.922247  5.30
0.917453  5.35
0.912658  5.40
0.907861  5.45
0.903061  5.50
1.101986  5.55
1.096176  5.60
1.090428  5.65
1.084740  5.70
1.079110  5.75
1.073535  5.80
1.068013  5.85
1.062540  5.90
1.057116  5.95
1.051737  6.00
1.046401  6.05
1.041107  6.10
1.035852  6.15
1.030635  6.20
1.025453  6.25
1.020305  6.30
1.015189  6.35
1.010103  6.40
1.005045  6.45
1.000013  6.50
0.995007  6.55
0.990024  6.60
0.985062  6.65
0.980121  6.70
0.975198  6.75
0.970292  6.80
0.965402  6.85
0.960525  6.90
0.955661  6.95
0.950808  7.00
0.945965  7.05
0.941130  7.10
0.936301  7.15
0.931477  7.20
0.926657  7.25
0.921839  7.30
0.917023  7.35
0.912205  7.40
0.907385  7.45
0.902562  7.50
1.102344  7.55
1.096510  7.60
1.090739  7.65
1.085028  7.70
1.079376  7.75
1.073780  7.80
1.068236  7.85
1.062743  7.90
1.057299  7.95
1.051900  8.00
1.046546  8.05
1.041233  8.10
1.035960  8.15
1.030726  8.20
1.025527  8.25
1.020362  8.30
1.015229  8.35
1.010126  8.40
1.005053  8.45
1.000006  8.50
0.994984  8.55
0.989986  8.60
0.985010  8.65
0.980054  8.70
0.975117  8.75
0.970198  8.80
0.965293  8.85
0.960404  8.90
0.955526  8.95
0.950661  9.00
0.945804  9.05
0.940956  9.10
0.936115  9.15
0.931279  9.20
0.926447  9.25
0.921618  9.30
0.916789  9.35
0.911960  9.40
0.907129  9.45
0.902294  9.50
1.102435  9.55
1.096593  9.60
1.090814  9.65
1.085097  9.70
1.079438  9.75
1.073835  9.80
1.068285  9.85
1.062787  9.90
1.057337  9.95
1.051933 10.00
