1.045276
1.040118
1.034997
1.029911
1.024859
1.019838
1.014847
1.009884
1.004947
1.000036
0.995147
0.990281
0.985435
0.980607
0.975797
0.971002
0.966222
0.961454
0.956698
0.951952
0.947215
0.942485
0.937761
0.933042
0.928325
0.923610
0.918896
0.914180
0.909462
0.904740
0.000000
1.100477
1.094763
1.089109
1.083514
1.077974
1.072486
1.067050
1.061661
1.056319
1.051021
1.045764
1.040548
1.035369
1.030227
1.025119
1.020043
1.014997
1.009981
1.004992
1.000028
0.995089
0.990172
0.985275
0.980398
0.975539
0.970695
0.965867
0.961052
0.956249
0.951456
0.946672
0.941896
0.937126
0.932360
0.927598
0.922838
0.918078
0.913318
0.908555
0.903788
0.000000
1.101362
1.095592
1.089884
1.084235
1.078642
1.073103
1.067616
1.062179
1.056788
1.051443
1.046140
1.040878
1.035655
1.030469
1.025317
1.020199
1.015112
1.010054
1.005025
1.000021
0.995042
0.990086
0.985151
0.980236
0.975339
0.970459
0.965593
0.960742
0.955903
0.951074
0.946255
0.941443
0.936638
0.931838
0.927041
0.922247
0.917453
0.912658
0.907861
0.903061
0.000000
1.101986
1.096176
1.090428
1.084740
1.079110
1.073535
1.068013
1.062540
1.057116
1.051737
1.046401
1.041107
1.035852
1.030635
1.025453
1.020305
1.015189
1.010103
1.005045
1.000013
0.995007
0.990024
0.985062
0.980121
0.975198
0.970292
0.965402
0.960525
0.955661
0.950808
0.945965
0.941130
0.936301
0.931477
0.926657
0.921839
0.917023
0.912205
0.907385
0.902562
0.000000
1.102344
1.096510
1.090739
1.085028
1.079376
1.073780
1.068236
1.062743
1.057299
1.051900
1.046546
1.041233
1.035960
1.030726
1.025527
1.020362
1.015229
1.010126
1.005053
1.000006
0.994984
0.989986
0.985010
0.980054
0.975117
0.970198
0.965293
0.960404
0.955526
0.950661
0.945804
0.940956
0.936115
0.931279
0.926447
0.921618
0.916789
0.911960
0.907129
0.902294
0.000000
1.102435
1.096593
1.090814
1.085097
1.079438
1.073835
1.068285
1.062787
1.057337
1.051933
