1.045276
1.040118
1.034997
1.029911
1.024859
1.019838
1.014847
1.009884
1.004947
1.000036
0.000000
1.004876
1.009814
1.014781
1.019777
1.024804
1.029864
1.034959
1.040091
1.045262
1.050473
0.000000
1.045534
1.040345
1.035194
1.030078
1.024996
1.019946
1.014927
1.009935
1.004971
1.000032
0.000000
1.004907
1.009873
1.014867
1.019891
1.024947
1.030036
1.035160
1.040321
1.045521
1.050762
0.000000
1.045764
1.040548
1.035369
1.030227
1.025119
1.020043
1.014997
1.009981
1.004992
1.000028
0.000000
1.004935
1.009926
1.014945
1.019994
1.025075
1.030189
1.035339
1.040526
1.045753
1.051021
0.000000
1.045967
1.040726
1.035523
1.030357
1.025226
1.020127
1.015059
1.010021
1.005010
1.000025
0.000000
1.004961
1.009973
1.015013
1.020084
1.025187
1.030324
1.035497
1.040707
1.045957
1.051248
0.000000
1.046140
1.040878
1.035655
1.030469
1.025317
1.020199
1.015112
1.010054
1.005025
1.000021
0.000000
1.004983
1.010013
1.015073
1.020163
1.025285
1.030441
1.035633
1.040862
1.046132
1.051443
0.000000
1.046285
1.041005
1.035765
1.030561
1.025393
1.020258
1.015155
1.010082
1.005036
1.000017
0.000000
1.005002
1.010048
1.015123
1.020229
1.025367
1.030538
1.035746
1.040992
1.046278
1.051606
0.000000
1.046401
1.041107
1.035852
1.030635
1.025453
1.020305
1.015189
1.010103
1.005045
1.000013
0.000000
1.005018
1.010077
1.015164
1.020282
1.025433
1.030617
1.035838
1.041097
1.046396
1.051737
0.000000
1.046488
1.041183
1.035918
1.030690
1.025498
1.020340
1.015214
1.010118
1.005050
1.000010
0.000000
1.005031
1.010099
1.015196
1.020323
1.025483
1.030677
1.035907
1.041176
1.046484
1.051835
0.000000
1.046546
1.041233
1.035960
1.030726
1.025527
1.020362
1.015229
1.010126
1.005053
1.000006
0.000000
1.005041
1.010115
1.015218
1.020352
1.025518
1.030718
1.035954
1.041229
1.046543
1.051900
0.000000
1.046574
1.041258
1.035981
1.030742
1.025539
1.020371
1.015235
1.010129
1.005052
1.000002
0.000000
1.005048
1.010125
1.015231
1.020368
1.025537
1.030740
1.035979
1.041256
1.046574
0.000000
1.051933
