1.045276  0.05
1.040118  0.10
1.034997  0.15
1.029911  0.20
1.024859  0.25
1.019838  0.30
1.014847  0.35
1.009884  0.40
1.004947  0.45
1.000036  0.50
1.004876  0.55
1.009814  0.60
1.014781  0.65
1.019777  0.70
1.024804  0.75
1.029864  0.80
1.034959  0.85
1.040091  0.90
1.045262  0.95
1.050473  1.00
1.045534  1.05
1.040345  1.10
1.035194  1.15
1.030078  1.20
1.024996  1.25
1.019946  1.30
1.014927  1.35
1.009935  1.40
1.004971  1.45
1.000032  1.50
1.004907  1.55
1.009873  1.60
1.014867  1.65
1.019891  1.70
1.024947  1.75
1.030036  1.80
1.035160  1.85
1.040321  1.90
1.045521  1.95
1.050762  2.00
1.045764  2.05
1.040548  2.10
1.035369  2.15
1.030227  2.20
1.025119  2.25
1.020043  2.30
1.014997  2.35
1.009981  2.40
1.004992  2.45
1.000028  2.50
1.004935  2.55
1.009926  2.60
1.014945  2.65
1.019994  2.70
1.025075  2.75
1.030189  2.80
1.035339  2.85
1.040526  2.90
1.045753  2.95
1.051021  3.00
1.045967  3.05
1.040726  3.10
1.035523  3.15
1.030357  3.20
1.025226  3.25
1.020127  3.30
1.015059  3.35
1.010021  3.40
1.005010  3.45
1.000025  3.50
1.004961  3.55
1.009973  3.60
1.015013  3.65
1.020084  3.70
1.025187  3.75
1.030324  3.80
1.035497  3.85
1.040707  3.90
1.045957  3.95
1.051248  4.00
1.046140  4.05
1.040878  4.10
1.035655  4.15
1.030469  4.20
1.025317  4.25
1.020199  4.30
1.015112  4.35
1.010054  4.40
1.005025  4.45
1.000021  4.50
1.004983  4.55
1.010013  4.60
1.015073  4.65
1.020163  4.70
1.025285  4.75
1.030441  4.80
1.035633  4.85
1.040862  4.90
1.046132  4.95
1.051443  5.00
1.046285  5.05
1.041005  5.10
1.035765  5.15
1.030561  5.20
1.025393  5.25
1.020258  5.30
1.015155  5.35
1.010082  5.40
1.005036  5.45
1.000017  5.50
1.005002  5.55
1.010048  5.60
1.015123  5.65
1.020229  5.70
1.025367  5.75
1.030538  5.80
1.035746  5.85
1.040992  5.90
1.046278  5.95
1.051606  6.00
1.046401  6.05
1.041107  6.10
1.035852  6.15
1.030635  6.20
1.025453  6.25
1.020305  6.30
1.015189  6.35
1.010103  6.40
1.005045  6.45
1.000013  6.50
1.005018  6.55
1.010077  6.60
1.015164  6.65
1.020282  6.70
1.025433  6.75
1.030617  6.80
1.035838  6.85
1.041097  6.90
1.046396  6.95
1.051737  7.00
1.046488  7.05
1.041183  7.10
1.035918  7.15
1.030690  7.20
1.025498  7.25
1.020340  7.30
1.015214  7.35
1.010118  7.40
1.005050  7.45
1.000010  7.50
1.005031  7.55
1.010099  7.60
1.015196  7.65
1.020323  7.70
1.025483  7.75
1.030677  7.80
1.035907  7.85
1.041176  7.90
1.046484  7.95
1.051835  8.00
1.046546  8.05
1.041233  8.10
1.035960  8.15
1.030726  8.20
1.025527  8.25
1.020362  8.30
1.015229  8.35
1.010126  8.40
1.005053  8.45
1.000006  8.50
1.005041  8.55
1.010115  8.60
1.015218  8.65
1.020352  8.70
1.025518  8.75
1.030718  8.80
1.035954  8.85
1.041229  8.90
1.046543  8.95
1.051900  9.00
1.046574  9.05
1.041258  9.10
1.035981  9.15
1.030742  9.20
1.025539  9.25
1.020371  9.30
1.015235  9.35
1.010129  9.40
1.005052  9.45
1.000002  9.50
1.005048  9.55
1.010125  9.60
1.015231  9.65
1.020368  9.70
1.025537  9.75
1.030740  9.80
1.035979  9.85
1.041256  9.90
1.046574  9.95
1.051933 10.00
